230,230,230
208,224,231
186,218,232
164,212,233
142,207,234
120,201,235
98,195,236
77,190,238
72,185,235
67,180,232
63,176,229
58,171,226
53,167,223
49,162,220
44,157,217
39,153,214
35,148,211
30,144,208
25,139,205
21,134,202
16,130,199
11,125,196
7,121,193
7,120,193
6,120,193
6,120,193
6,120,193
6,120,193
6,120,193
6,120,192
6,119,192
5,119,192
5,119,192
5,119,192
5,119,192
5,119,192
5,119,192
4,118,192
4,118,192
4,118,191
4,118,191
6,120,189
7,122,186
9,123,184
10,125,181
12,127,178
14,129,176
15,131,173
17,132,171
19,134,168
20,136,166
22,138,163
23,140,160
25,141,158
27,143,155
28,145,153
30,147,150
31,149,148
33,150,145
35,152,142
36,154,140
38,156,137
40,158,135
41,159,132
43,161,130
44,163,127
46,165,124
48,167,122
49,168,119
51,170,117
52,172,114
54,174,111
56,175,109
57,177,106
59,179,104
61,181,101
62,183,99
64,184,96
65,186,93
67,188,91
68,189,89
69,191,87
71,192,86
72,193,84
73,195,82
74,196,80
76,198,78
77,199,77
78,200,75
79,202,73
80,203,71
82,204,70
83,206,68
84,207,66
85,208,64
87,210,62
88,211,61
89,212,59
90,214,57
91,215,55
93,216,54
94,218,52
95,219,50
96,221,48
98,222,47
99,223,45
100,225,43
101,226,41
102,227,39
104,229,38
105,230,36
106,231,34
107,233,32
109,234,31
110,235,29
111,237,27
112,238,25
114,240,24
120,240,22
127,241,21
134,242,20
140,242,19
147,243,18
154,244,17
161,245,16
167,245,14
174,246,13
181,247,12
187,247,11
194,248,10
201,249,9
208,250,8
214,250,6
221,251,5
228,252,4
234,252,3
241,253,2
248,254,1
255,255,0
255,252,0
255,249,0
255,247,0
255,244,0
255,242,0
255,239,0
255,237,0
255,234,0
255,231,0
255,229,0
255,226,0
255,224,0
255,221,0
255,219,0
255,216,0
255,213,0
255,211,0
255,208,0
255,206,0
255,203,0
255,201,0
255,198,0
255,195,0
255,193,0
255,190,0
255,188,0
255,185,0
255,183,0
255,180,0
255,178,0
255,175,0
255,172,0
255,170,0
255,167,0
255,165,0
255,162,0
255,160,0
255,157,0
255,154,0
255,152,0
255,149,0
255,147,0
255,144,0
255,142,0
255,139,0
255,136,0
255,134,0
255,131,0
255,129,0
255,126,0
255,124,0
255,121,0
255,118,0
255,116,0
255,113,0
255,111,0
255,108,0
255,106,0
255,103,0
255,101,0
255,98,0
255,95,0
255,93,0
255,90,0
255,88,0
255,85,0
255,83,0
255,80,0
255,77,0
255,75,0
255,72,0
255,70,0
255,67,0
255,65,0
255,62,0
255,59,0
255,57,0
255,54,0
255,52,0
255,49,0
255,47,0
255,44,0
255,41,0
255,39,0
255,36,0
255,34,0
255,31,0
255,29,0
255,26,0
255,24,0
255,21,0
255,18,0
255,16,0
255,13,0
255,11,0
250,11,2
246,11,4
242,12,6
238,12,8
233,13,10
229,13,12
225,13,14
221,14,17
216,14,19
212,15,21
208,15,23
204,15,25
200,16,27
195,16,29
191,17,32
187,17,34
183,17,36
178,18,38
174,18,40
170,19,42
166,19,44
162,20,47
230,230,230
204,204,204
181,194,202
158,184,200
136,174,199
113,164,197
90,154,195
68,144,194
45,134,192
22,124,190
0,114,189
2,116,190
5,119,192
8,122,194
11,125,196
14,128,198
17,130,199
19,133,201
22,136,203
25,139,205
28,142,207
31,144,208
34,147,210
37,150,212
39,153,214
42,156,216
45,159,218
48,161,219
51,164,221
54,167,223
57,170,225
59,173,227
62,175,228
65,178,230
68,181,232
71,184,234
74,187,236
77,190,238
77,190,234
78,191,231
78,192,227
79,193,224
79,194,220
80,194,217
81,195,213
81,196,210
82,197,206
82,198,203
83,198,200
84,199,196
84,200,193
85,201,189
85,202,186
86,202,182
87,203,179
87,204,175
88,205,172
88,206,168
89,206,165
90,207,162
90,208,158
91,209,155
91,210,151
92,210,148
93,211,144
93,212,141
94,213,137
94,214,134
95,215,131
96,215,127
96,216,124
97,217,120
97,218,117
98,219,113
99,219,110
99,220,106
100,221,103
100,222,99
101,223,96
102,223,93
102,224,89
103,225,86
103,226,82
104,227,79
105,227,75
105,228,72
106,229,68
106,230,65
107,231,61
108,231,58
108,232,55
109,233,51
109,234,48
110,235,44
111,235,41
111,236,37
112,237,34
112,238,30
113,239,27
114,240,24
117,240,23
121,240,22
124,241,22
128,241,21
132,241,20
135,242,20
139,242,19
142,243,19
146,243,18
150,243,17
153,244,17
157,244,16
161,245,16
164,245,15
168,245,14
171,246,14
175,246,13
179,246,12
182,247,12
186,247,11
189,248,11
193,248,10
197,248,9
200,249,9
204,249,8
208,250,8
211,250,7
215,250,6
218,251,6
222,251,5
226,251,4
229,252,4
233,252,3
236,253,3
240,253,2
244,253,1
247,254,1
251,254,0
255,255,0
255,252,0
255,249,0
255,247,0
255,244,0
255,242,0
255,239,0
255,237,0
255,234,0
255,231,0
255,229,0
255,226,0
255,224,0
255,221,0
255,219,0
255,216,0
255,213,0
255,211,0
255,208,0
255,206,0
255,203,0
255,201,0
255,198,0
255,195,0
255,193,0
255,190,0
255,188,0
255,185,0
255,183,0
255,180,0
255,178,0
255,175,0
255,172,0
255,170,0
255,167,0
255,165,0
255,162,0
255,160,0
255,157,0
255,154,0
255,152,0
255,149,0
255,147,0
255,144,0
255,142,0
255,139,0
255,136,0
255,134,0
255,131,0
255,129,0
255,126,0
255,124,0
255,121,0
255,118,0
255,116,0
255,113,0
255,111,0
255,108,0
255,106,0
255,103,0
255,101,0
255,98,0
255,95,0
255,93,0
255,90,0
255,88,0
255,85,0
255,83,0
255,80,0
255,77,0
255,75,0
255,72,0
255,70,0
255,67,0
255,65,0
255,62,0
255,59,0
255,57,0
255,54,0
255,52,0
255,49,0
255,47,0
255,44,0
255,41,0
255,39,0
255,36,0
255,34,0
255,31,0
255,29,0
255,26,0
255,24,0
255,21,0
255,18,0
255,16,0
255,13,0
255,11,0
250,11,2
246,11,4
242,12,6
238,12,8
233,13,10
229,13,12
225,13,14
221,14,17
216,14,19
212,15,21
208,15,23
204,15,25
200,16,27
195,16,29
191,17,32
187,17,34
183,17,36
178,18,38
174,18,40
170,19,42
166,19,44
162,20,47
255,255,255
238,246.5,244.8
221,238,234.6
204,229.5,224.4
187,221,214.2
170,212.5,204
153,204,193.8
136,195.5,183.6
119,187,173.4
102,178.5,163.2
85,170,153
68,161.5,142.8
51,153,132.6
34,144.5,122.4
17,136,112.2
0,127.5,102
1.0625,128.03125,102.158333333333
2.125,128.5625,102.316666666667
3.1875,129.09375,102.475
4.25,129.625,102.633333333333
5.3125,130.15625,102.791666666667
6.375,130.6875,102.95
7.4375,131.21875,103.108333333333
8.5,131.75,103.266666666667
9.5625,132.28125,103.425
10.625,132.8125,103.583333333333
11.6875,133.34375,103.741666666667
12.75,133.875,103.9
13.8125,134.40625,104.058333333333
14.875,134.9375,104.216666666667
15.9375,135.46875,104.375
17,136,104.533333333333
18.0625,136.53125,104.691666666667
19.125,137.0625,104.85
20.1875,137.59375,105.008333333333
21.25,138.125,105.166666666667
22.3125,138.65625,105.325
23.375,139.1875,105.483333333333
24.4375,139.71875,105.641666666667
25.5,140.25,105.8
26.5625,140.78125,105.958333333333
27.625,141.3125,106.116666666667
28.6875,141.84375,106.275
29.75,142.375,106.433333333333
30.8125,142.90625,106.591666666667
31.875,143.4375,106.75
32.9375,143.96875,106.908333333333
34,144.5,107.066666666667
35.0625,145.03125,107.225
36.125,145.5625,107.383333333333
37.1875,146.09375,107.541666666667
38.25,146.625,107.7
39.3125,147.15625,107.858333333333
40.375,147.6875,108.016666666667
41.4375,148.21875,108.175
42.5,148.75,108.333333333333
43.5625,149.28125,108.491666666667
44.625,149.8125,108.65
45.6875,150.34375,108.808333333333
46.75,150.875,108.966666666667
47.8125,151.40625,109.125
48.875,151.9375,109.283333333333
49.9375,152.46875,109.441666666667
51,153,109.6
52.0625,153.53125,109.758333333333
53.125,154.0625,109.916666666667
54.1875,154.59375,110.075
55.25,155.125,110.233333333333
56.3125,155.65625,110.391666666667
57.375,156.1875,110.55
58.4375,156.71875,110.708333333333
59.5,157.25,110.866666666667
60.5625,157.78125,111.025
61.625,158.3125,111.183333333333
62.6875,158.84375,111.341666666667
63.75,159.375,111.5
64.8125,159.90625,111.658333333333
65.875,160.4375,111.816666666667
66.9375,160.96875,111.975
68,161.5,112.133333333333
69.0625,162.03125,112.291666666667
70.125,162.5625,112.45
71.1875,163.09375,112.608333333333
72.25,163.625,112.766666666667
73.3125,164.15625,112.925
74.375,164.6875,113.083333333333
75.4375,165.21875,113.241666666667
76.5,165.75,113.4
77.5625,166.28125,113.558333333333
78.625,166.8125,113.716666666667
79.6875,167.34375,113.875
80.75,167.875,114.033333333333
81.8125,168.40625,114.191666666667
82.875,168.9375,114.35
83.9375,169.46875,114.508333333333
85,170,114.666666666667
86.0625,170.53125,114.825
87.125,171.0625,114.983333333333
88.1875,171.59375,115.141666666667
89.25,172.125,115.3
90.3125,172.65625,115.458333333333
91.375,173.1875,115.616666666667
92.4375,173.71875,115.775
93.5,174.25,115.933333333333
94.5625,174.78125,116.091666666667
95.625,175.3125,116.25
96.6875,175.84375,116.408333333333
97.75,176.375,116.566666666667
98.8125,176.90625,116.725
99.875,177.4375,116.883333333333
100.9375,177.96875,117.041666666667
102,178.5,117.2
103.0625,179.03125,117.358333333333
104.125,179.5625,117.516666666667
105.1875,180.09375,117.675
106.25,180.625,117.833333333333
107.3125,181.15625,117.991666666667
108.375,181.6875,118.15
109.4375,182.21875,118.308333333333
110.5,182.75,118.466666666667
111.5625,183.28125,118.625
112.625,183.8125,118.783333333333
113.6875,184.34375,118.941666666667
114.75,184.875,119.1
115.8125,185.40625,119.258333333333
116.875,185.9375,119.416666666667
117.9375,186.46875,119.575
119,187,119.733333333333
120.0625,187.53125,119.891666666667
121.125,188.0625,120.05
122.1875,188.59375,120.208333333333
123.25,189.125,120.366666666667
124.3125,189.65625,120.525
125.375,190.1875,120.683333333333
126.4375,190.71875,120.841666666667
127.5,191.25,121
128.5625,191.78125,121.158333333333
129.625,192.3125,121.316666666667
130.6875,192.84375,121.475
131.75,193.375,121.633333333333
132.8125,193.90625,121.791666666667
133.875,194.4375,121.95
134.9375,194.96875,122.108333333333
136,195.5,122.266666666667
137.0625,196.03125,122.425
138.125,196.5625,122.583333333333
139.1875,197.09375,122.741666666667
140.25,197.625,122.9
141.3125,198.15625,123.058333333333
142.375,198.6875,123.216666666667
143.4375,199.21875,123.375
144.5,199.75,123.533333333333
145.5625,200.28125,123.691666666667
146.625,200.8125,123.85
147.6875,201.34375,124.008333333333
148.75,201.875,124.166666666667
149.8125,202.40625,124.325
150.875,202.9375,124.483333333333
151.9375,203.46875,124.641666666667
153,204,124.8
154.0625,204.53125,124.958333333333
155.125,205.0625,125.116666666667
156.1875,205.59375,125.275
157.25,206.125,125.433333333333
158.3125,206.65625,125.591666666667
159.375,207.1875,125.75
160.4375,207.71875,125.908333333333
161.5,208.25,126.066666666667
162.5625,208.78125,126.225
163.625,209.3125,126.383333333333
164.6875,209.84375,126.541666666667
165.75,210.375,126.7
166.8125,210.90625,126.858333333333
167.875,211.4375,127.016666666667
168.9375,211.96875,127.175
170,212.5,127.333333333333
171.0625,213.03125,127.491666666667
172.125,213.5625,127.65
173.1875,214.09375,127.808333333333
174.25,214.625,127.966666666667
175.3125,215.15625,128.125
176.375,215.6875,128.283333333333
177.4375,216.21875,128.441666666667
178.5,216.75,128.6
179.5625,217.28125,128.758333333333
180.625,217.8125,128.916666666667
181.6875,218.34375,129.075
182.75,218.875,129.233333333333
183.8125,219.40625,129.391666666667
184.875,219.9375,129.55
185.9375,220.46875,129.708333333333
187,221,129.866666666667
188.0625,221.53125,130.025
189.125,222.0625,130.183333333333
190.1875,222.59375,130.341666666667
191.25,223.125,130.5
192.3125,223.65625,130.658333333333
193.375,224.1875,130.816666666667
194.4375,224.71875,130.975
195.5,225.25,131.133333333333
196.5625,225.78125,131.291666666667
197.625,226.3125,131.45
198.6875,226.84375,131.608333333333
199.75,227.375,131.766666666667
200.8125,227.90625,131.925
201.875,228.4375,132.083333333333
202.9375,228.96875,132.241666666667
204,229.5,132.4
205.0625,230.03125,132.558333333333
206.125,230.5625,132.716666666667
207.1875,231.09375,132.875
208.25,231.625,133.033333333333
209.3125,232.15625,133.191666666667
210.375,232.6875,133.35
211.4375,233.21875,133.508333333333
212.5,233.75,133.666666666667
213.5625,234.28125,133.825
214.625,234.8125,133.983333333333
215.6875,235.34375,134.141666666667
216.75,235.875,134.3
217.8125,236.40625,134.458333333333
218.875,236.9375,134.616666666667
219.9375,237.46875,134.775
221,238,134.933333333333
222.0625,238.53125,135.091666666667
223.125,239.0625,135.25
224.1875,239.59375,135.408333333333
225.25,240.125,135.566666666667
226.3125,240.65625,135.725
227.375,241.1875,135.883333333333
228.4375,241.71875,136.041666666667
229.5,242.25,136.2
230.5625,242.78125,136.358333333333
231.625,243.3125,136.516666666667
232.6875,243.84375,136.675
233.75,244.375,136.833333333333
234.8125,244.90625,136.991666666667
235.875,245.4375,137.15
236.9375,245.96875,137.308333333333
238,246.5,137.466666666667
239.0625,247.03125,137.625
240.125,247.5625,137.783333333333
241.1875,248.09375,137.941666666667
242.25,248.625,138.1
243.3125,249.15625,138.258333333333
244.375,249.6875,138.416666666667
245.4375,250.21875,138.575
246.5,250.75,138.733333333333
247.5625,251.28125,138.891666666667
248.625,251.8125,139.05
249.6875,252.34375,139.208333333333
250.75,252.875,139.366666666667
251.8125,253.40625,139.525
252.875,253.9375,139.683333333333
253.9375,254.46875,139.841666666667
255,255,140
255,255,255
242.444444444444,242.722222222222,248.5
229.888888888889,230.444444444444,242
217.333333333333,218.166666666667,235.5
204.777777777778,205.888888888889,229
192.222222222222,193.611111111111,222.5
179.666666666667,181.333333333333,216
167.111111111111,169.055555555556,209.5
154.555555555556,156.777777777778,203
142,144.5,196.5
129.444444444444,132.222222222222,190
116.888888888889,119.944444444444,183.5
104.333333333333,107.666666666667,177
91.7777777777778,95.3888888888889,170.5
79.2222222222222,83.1111111111111,164
66.6666666666667,70.8333333333333,157.5
54.1111111111111,58.5555555555556,151
41.5555555555556,46.2777777777778,144.5
29,34,138
29.1186440677966,35.4915254237288,138.084745762712
29.2372881355932,36.9830508474576,138.169491525424
29.3559322033898,38.4745762711864,138.254237288136
29.4745762711865,39.9661016949152,138.338983050847
29.5932203389831,41.4576271186441,138.423728813559
29.7118644067797,42.9491525423729,138.508474576271
29.8305084745763,44.4406779661017,138.593220338983
29.9491525423729,45.9322033898305,138.677966101695
30.0677966101695,47.4237288135593,138.762711864407
30.1864406779661,48.9152542372881,138.847457627119
30.3050847457627,50.4067796610169,138.93220338983
30.4237288135593,51.8983050847458,139.016949152542
30.5423728813559,53.3898305084746,139.101694915254
30.6610169491526,54.8813559322034,139.186440677966
30.7796610169492,56.3728813559322,139.271186440678
30.8983050847458,57.864406779661,139.35593220339
31.0169491525424,59.3559322033898,139.440677966102
31.135593220339,60.8474576271186,139.525423728814
31.2542372881356,62.3389830508474,139.610169491525
31.3728813559322,63.8305084745763,139.694915254237
31.4915254237288,65.3220338983051,139.779661016949
31.6101694915254,66.8135593220339,139.864406779661
31.728813559322,68.3050847457627,139.949152542373
31.8474576271187,69.7966101694915,140.033898305085
31.9661016949153,71.2881355932203,140.118644067797
32.0847457627119,72.7796610169491,140.203389830508
32.2033898305085,74.271186440678,140.28813559322
32.3220338983051,75.7627118644068,140.372881355932
32.4406779661017,77.2542372881356,140.457627118644
32.5593220338983,78.7457627118644,140.542372881356
32.6779661016949,80.2372881355932,140.627118644068
32.7966101694915,81.728813559322,140.71186440678
32.9152542372881,83.2203389830509,140.796610169492
33.0338983050848,84.7118644067797,140.881355932203
33.1525423728814,86.2033898305085,140.966101694915
33.271186440678,87.6949152542373,141.050847457627
33.3898305084746,89.1864406779661,141.135593220339
33.5084745762712,90.6779661016949,141.220338983051
33.6271186440678,92.1694915254237,141.305084745763
33.7457627118644,93.6610169491525,141.389830508475
33.864406779661,95.1525423728813,141.474576271186
33.9830508474576,96.6440677966102,141.559322033898
34.1016949152542,98.135593220339,141.64406779661
34.2203389830509,99.6271186440678,141.728813559322
34.3389830508475,101.118644067797,141.813559322034
34.4576271186441,102.610169491525,141.898305084746
34.5762711864407,104.101694915254,141.983050847458
34.6949152542373,105.593220338983,142.067796610169
34.8135593220339,107.084745762712,142.152542372881
34.9322033898305,108.576271186441,142.237288135593
35.0508474576271,110.067796610169,142.322033898305
35.1694915254237,111.559322033898,142.406779661017
35.2881355932203,113.050847457627,142.491525423729
35.406779661017,114.542372881356,142.576271186441
35.5254237288136,116.033898305085,142.661016949153
35.6440677966102,117.525423728814,142.745762711864
35.7627118644068,119.016949152542,142.830508474576
35.8813559322034,120.508474576271,142.915254237288
36,122,143
36.1186440677966,123.491525423729,143.084745762712
36.2372881355932,124.983050847458,143.169491525424
36.3559322033898,126.474576271186,143.254237288136
36.4745762711865,127.966101694915,143.338983050847
36.5932203389831,129.457627118644,143.423728813559
36.7118644067797,130.949152542373,143.508474576271
36.8305084745763,132.440677966102,143.593220338983
36.9491525423729,133.932203389831,143.677966101695
37.0677966101695,135.423728813559,143.762711864407
37.1864406779661,136.915254237288,143.847457627119
37.3050847457627,138.406779661017,143.932203389831
37.4237288135593,139.898305084746,144.016949152542
37.5423728813559,141.389830508475,144.101694915254
37.6610169491526,142.881355932203,144.186440677966
37.7796610169492,144.372881355932,144.271186440678
37.8983050847458,145.864406779661,144.35593220339
38.0169491525424,147.35593220339,144.440677966102
38.135593220339,148.847457627119,144.525423728814
38.2542372881356,150.338983050847,144.610169491525
38.3728813559322,151.830508474576,144.694915254237
38.4915254237288,153.322033898305,144.779661016949
38.6101694915254,154.813559322034,144.864406779661
38.728813559322,156.305084745763,144.949152542373
38.8474576271187,157.796610169492,145.033898305085
38.9661016949153,159.28813559322,145.118644067797
39.0847457627119,160.779661016949,145.203389830508
39.2033898305085,162.271186440678,145.28813559322
39.3220338983051,163.762711864407,145.372881355932
39.4406779661017,165.254237288136,145.457627118644
39.5593220338983,166.745762711864,145.542372881356
39.6779661016949,168.237288135593,145.627118644068
39.7966101694915,169.728813559322,145.71186440678
39.9152542372881,171.220338983051,145.796610169492
40.0338983050847,172.71186440678,145.881355932203
40.1525423728814,174.203389830508,145.966101694915
40.271186440678,175.694915254237,146.050847457627
40.3898305084746,177.186440677966,146.135593220339
40.5084745762712,178.677966101695,146.220338983051
40.6271186440678,180.169491525424,146.305084745763
40.7457627118644,181.661016949153,146.389830508475
40.864406779661,183.152542372881,146.474576271186
40.9830508474576,184.64406779661,146.559322033898
41.1016949152542,186.135593220339,146.64406779661
41.2203389830509,187.627118644068,146.728813559322
41.3389830508475,189.118644067797,146.813559322034
41.4576271186441,190.610169491525,146.898305084746
41.5762711864407,192.101694915254,146.983050847458
41.6949152542373,193.593220338983,147.06779661017
41.8135593220339,195.084745762712,147.152542372881
41.9322033898305,196.576271186441,147.237288135593
42.0508474576271,198.067796610169,147.322033898305
42.1694915254237,199.559322033898,147.406779661017
42.2881355932203,201.050847457627,147.491525423729
42.4067796610169,202.542372881356,147.576271186441
42.5254237288136,204.033898305085,147.661016949153
42.6440677966102,205.525423728814,147.745762711864
42.7627118644068,207.016949152542,147.830508474576
42.8813559322034,208.508474576271,147.915254237288
43,210,148
45.3048780487805,210.19512195122,147.5
47.609756097561,210.390243902439,147
49.9146341463415,210.585365853659,146.5
52.219512195122,210.780487804878,146
54.5243902439024,210.975609756098,145.5
56.8292682926829,211.170731707317,145
59.1341463414634,211.365853658537,144.5
61.4390243902439,211.560975609756,144
63.7439024390244,211.756097560976,143.5
66.0487804878049,211.951219512195,143
68.3536585365854,212.146341463415,142.5
70.6585365853659,212.341463414634,142
72.9634146341463,212.536585365854,141.5
75.2682926829268,212.731707317073,141
77.5731707317073,212.926829268293,140.5
79.8780487804878,213.121951219512,140
82.1829268292683,213.317073170732,139.5
84.4878048780488,213.512195121951,139
86.7926829268293,213.707317073171,138.5
89.0975609756098,213.90243902439,138
91.4024390243902,214.09756097561,137.5
93.7073170731707,214.292682926829,137
96.0121951219512,214.487804878049,136.5
98.3170731707317,214.682926829268,136
100.621951219512,214.878048780488,135.5
102.926829268293,215.073170731707,135
105.231707317073,215.268292682927,134.5
107.536585365854,215.463414634146,134
109.841463414634,215.658536585366,133.5
112.146341463415,215.853658536585,133
114.451219512195,216.048780487805,132.5
116.756097560976,216.243902439024,132
119.060975609756,216.439024390244,131.5
121.365853658537,216.634146341463,131
123.670731707317,216.829268292683,130.5
125.975609756098,217.024390243902,130
128.280487804878,217.219512195122,129.5
130.585365853659,217.414634146341,129
132.890243902439,217.609756097561,128.5
135.19512195122,217.80487804878,128
137.5,218,127.5
139.80487804878,218.19512195122,127
142.109756097561,218.390243902439,126.5
144.414634146341,218.585365853659,126
146.719512195122,218.780487804878,125.5
149.024390243902,218.975609756098,125
151.329268292683,219.170731707317,124.5
153.634146341463,219.365853658537,124
155.939024390244,219.560975609756,123.5
158.243902439024,219.756097560976,123
160.548780487805,219.951219512195,122.5
162.853658536585,220.146341463415,122
165.158536585366,220.341463414634,121.5
167.463414634146,220.536585365854,121
169.768292682927,220.731707317073,120.5
172.073170731707,220.926829268293,120
174.378048780488,221.121951219512,119.5
176.682926829268,221.317073170732,119
178.987804878049,221.512195121951,118.5
181.292682926829,221.707317073171,118
183.59756097561,221.90243902439,117.5
185.90243902439,222.09756097561,117
188.207317073171,222.292682926829,116.5
190.512195121951,222.487804878049,116
192.817073170732,222.682926829268,115.5
195.121951219512,222.878048780488,115
197.426829268293,223.073170731707,114.5
199.731707317073,223.268292682927,114
202.036585365854,223.463414634146,113.5
204.341463414634,223.658536585366,113
206.646341463415,223.853658536585,112.5
208.951219512195,224.048780487805,112
211.256097560976,224.243902439024,111.5
213.560975609756,224.439024390244,111
215.865853658537,224.634146341463,110.5
218.170731707317,224.829268292683,110
220.475609756098,225.024390243902,109.5
222.780487804878,225.219512195122,109
225.085365853659,225.414634146341,108.5
227.390243902439,225.609756097561,108
229.69512195122,225.80487804878,107.5
232,226,107
232.540540540541,226.486486486486,106.486486486486
233.081081081081,226.972972972973,105.972972972973
233.621621621622,227.459459459459,105.459459459459
234.162162162162,227.945945945946,104.945945945946
234.702702702703,228.432432432432,104.432432432432
235.243243243243,228.918918918919,103.918918918919
235.783783783784,229.405405405405,103.405405405405
236.324324324324,229.891891891892,102.891891891892
236.864864864865,230.378378378378,102.378378378378
237.405405405405,230.864864864865,101.864864864865
237.945945945946,231.351351351351,101.351351351351
238.486486486486,231.837837837838,100.837837837838
239.027027027027,232.324324324324,100.324324324324
239.567567567568,232.810810810811,99.8108108108108
240.108108108108,233.297297297297,99.2972972972973
240.648648648649,233.783783783784,98.7837837837838
241.189189189189,234.27027027027,98.2702702702703
241.72972972973,234.756756756757,97.7567567567568
242.27027027027,235.243243243243,97.2432432432432
242.810810810811,235.72972972973,96.7297297297297
243.351351351351,236.216216216216,96.2162162162162
243.891891891892,236.702702702703,95.7027027027027
244.432432432432,237.189189189189,95.1891891891892
244.972972972973,237.675675675676,94.6756756756757
245.513513513514,238.162162162162,94.1621621621622
246.054054054054,238.648648648649,93.6486486486486
246.594594594595,239.135135135135,93.1351351351351
247.135135135135,239.621621621622,92.6216216216216
247.675675675676,240.108108108108,92.1081081081081
248.216216216216,240.594594594595,91.5945945945946
248.756756756757,241.081081081081,91.0810810810811
249.297297297297,241.567567567568,90.5675675675676
249.837837837838,242.054054054054,90.054054054054
250.378378378378,242.540540540541,89.5405405405405
250.918918918919,243.027027027027,89.027027027027
251.459459459459,243.513513513514,88.5135135135135
252,244,88
255,255,255
245,245,248
234,237,242
224,229,237
213,219,231
204,210,224
192,202,218
183,194,211
173,184,205
162,176,199
151,167,194
141,159,188
130,149,181
121,141,175
111,132,170
100,124,162
89,116,157
79,106,151
70,97,145
58,89,138
49,81,132
38,71,127
38,73,127
39,74,129
41,76,130
41,76,130
41,78,130
43,79,132
44,81,132
44,81,133
44,82,135
46,84,135
46,86,137
46,87,137
47,89,138
49,89,138
49,90,140
49,92,140
51,94,141
51,95,143
52,95,143
52,97,143
52,98,145
54,100,146
55,100,146
55,103,148
55,103,148
57,105,149
58,106,151
60,108,153
60,109,154
62,111,156
63,113,157
63,114,159
65,116,159
66,117,160
68,119,162
68,121,164
70,122,165
71,124,167
71,124,167
73,127,168
74,129,170
76,130,172
76,132,173
78,132,175
79,135,175
79,135,178
81,138,178
82,138,180
84,140,181
84,141,183
86,143,184
87,146,186
89,146,186
89,148,189
90,149,189
92,151,191
92,153,192
94,154,194
95,156,196
97,157,197
97,159,197
98,160,199
100,162,200
100,164,202
102,165,204
103,167,205
105,168,207
106,170,208
106,172,208
108,173,210
108,175,211
109,175,213
111,178,215
113,180,216
114,181,218
114,183,218
116,183,219
116,186,221
119,186,223
119,189,224
121,189,226
122,191,226
122,192,229
124,194,229
124,197,231
127,197,232
127,199,234
129,200,234
130,202,237
130,204,237
132,205,240
133,207,240
135,208,242
135,210,243
137,211,245
137,210,240
135,210,235
135,208,232
135,207,227
135,205,223
135,205,218
135,204,215
135,202,210
133,202,205
133,200,202
133,199,197
132,197,192
132,197,189
132,196,184
132,194,180
132,194,175
132,192,172
132,191,167
130,189,162
130,189,159
130,188,154
130,186,149
130,186,146
130,184,141
129,183,137
129,181,132
129,181,129
129,180,124
127,178,119
127,178,116
127,176,111
127,175,106
127,173,103
127,173,98
125,172,94
125,170,89
125,170,86
125,168,81
124,167,76
124,165,73
124,165,68
124,164,63
124,162,60
129,165,63
135,170,66
140,173,70
145,176,73
151,180,76
156,183,79
160,186,82
167,191,86
172,194,89
176,197,92
183,202,95
188,205,100
192,208,103
199,211,106
204,216,108
208,218,113
215,223,116
219,226,119
224,229,122
231,232,125
235,237,129
240,240,132
247,242,135
251,247,138
251,245,138
251,243,138
251,242,137
251,240,135
251,239,135
251,237,135
251,235,133
251,234,132
251,232,132
251,232,132
251,229,130
251,229,130
251,226,129
251,226,129
251,224,127
251,223,127
251,221,127
251,219,125
251,218,124
251,216,124
251,215,124
251,213,122
251,211,122
251,210,121
251,208,121
251,208,119
251,205,119
251,205,117
251,202,117
251,202,116
251,199,116
251,199,116
251,197,114
251,196,114
251,194,113
251,192,113
251,191,111
251,189,111
251,188,109
251,186,109
251,184,108
251,183,108
251,181,106
251,181,106
251,178,106
250,175,103
250,172,103
250,167,100
250,164,100
248,160,97
248,157,97
248,154,95
248,149,94
247,146,92
245,143,89
245,138,89
245,135,87
245,132,86
243,127,84
243,124,82
242,121,81
242,116,79
242,114,78
240,109,76
240,106,74
240,103,73
240,98,71
239,95,70
239,92,68
237,87,66
237,84,65
237,81,63
